1004
1045
1075
1078
1209
1230
1300
1380
1414
1440
1447
1449
1487
1598
1602
1632
1661
1678
1690
1704
1706
1722
1773
1794
1878
1891
1913
1919
1988
2002
2019
2055
2086
2111
2136
2176
2184
2220
2259
2270
2285
2337
2403
2435
2436
2444
2497
2504
2547
2558
2574
2593
2596
2663
2710
2751
2771
2787
2817
2884
2968
2991
3007
3026
3028
3062
3121
3138
3144
3153
3170
3221
3226
3231
3238
3243
3246
3278
3336
3362
3413
3439
3504
3505
3532
3580
3619
3643
3650
3708
3734
3735
3813
3835
3851
3863
3897
3946
3964
3980
4016
4029
4058
4060
4066
4093
4108
4115
4145
4194
4213
4321
4367
4383
4423
4430
4462
4503
4510
4517
4598
4605
4611
4640
4674
4685
4699
4723
4737
4809
4818
4839
4885
4926
4941
4988
4990
5018
5046
5047
5071
5073
5109
5179
5234
5256
5338
5342
5439
5492
5496
5518
5526
5543
5560
5568
5581
5597
5606
5608
5643
5667
5680
5709
5742
5764
5783
5786
5860
5862
5870
5878
5959
5968
5987
6008
6066
6078
6104
6136
6178
6223
6266
6304
6310
6326
6338
6375
6386
6435
6461
6502
6547
6565
6639
6649
6669
6682
6730
6733
6742
6774
6781
6788
6821
6829
6865
6867
6994
7017
7063
7065
7085
7116
7146
7154
7171
7228
7241
7257
7343
7366
7368
7435
7437
7549
7585
7620
7647
7648
7733
7750
7875
7881
7882
7906
7922
7923
7970
7974
7977
7982
7985
7993
8001
8007
8030
8068
8079
8092
8099
8113
8123
8151
8210
8213
8214
8215
8245
8247
8253
8264
8272
8290
8358
8431
8455
8463
8479
8512
8530
8539
8543
8549
8551
8606
8692
8762
8807
8810
8818
8823
8898
8902
9063
9155
9203
9248
9299
9465
9555
9611
9667
9777
9778
9783
9815
9831
9846
9849
9850
9882
9890
9899
9904
10016
10035
10096
10115
10121
10247
10405
10407
10411
10499
10519
10530
10567
10581
10614
10618
10735
10793
10795
10860
10867
10877
10894
10903
10916
10920
10983
10991
10999
11017
11032
11060
11094
11191
11220
11228
11259
11264
11300
11301
11304
11399
11456
11465
11506
11537
11550
11554
11566
11584
11600
11636
11649
11672
11687
11721
11770
11842
11854
11856
11861
12123
12124
12140
12141
12142
12151
12389
12395
12428
12459
12540
12589
12603
12615
12635
12689
12726
12756
12785
13041
13125
13341
13342
13421
13498
13561
13562
13700
13714
13721
13963
13988
14027
14219
14275
14282
14359
14370
14418
14477
14489
14535
14563
14590
14790
14793
14822
14824
14828
14934
14960
15060
15142
15247
15267
15417
15520
15855
16101
16477
16478
16486
16597
16653
16721
16981
17115
17120
17150
17928
18004
18086
18383
18465
18498
18683
18699
19402
19507
19517
19574
19582
20115
20185
20228
20232
20502
20686
20779
20904
21004
21019
21352
21503
21515
21630
21808
21825
22039
22583
22632
22653
22741
22815
23077
23083
23084
23225
23714
23809
23978
24157
24216
24232
24293
24379
24405
24440
24468
24616
24678
24720
24725
24731
24782
24800
24825
24856
24925
25119
25124
25180
25279
25283
25338
25340
25424
25434
25536
25633
25749
25870
25895
26013
26069
26156
26590
27333
27373
27638
27780
27786
27803
27914
27928
27965
28118
28139
28180
28191
28192
28194
28195
28216
28295
28322
28340
28349
28590
28629
28733
28742
28790
28930
28940
29011
29028
29052
29082
29099
29131
29282
29389
29392
29649
29733
29751
29755
29804
29830
29875
29984
30032
30259
30293
30298
30384
30463
30490
30536
30637
30651
30671
30822
30990
31460
31564
31587
31673
31846
60900
60902
60914
60979
61188
61302
61325
61388
61406
61408
61409
61483
61567
61591
61739
62266
62374
62516
62689
62823
62897
63422
63527
63643
63645
63876
63892
64030
64088
64166
64306
64356
64389
64536
64768
64821
64853
64891
64925
65084
65108
65275
65290
65417
65615
65710
65718
65831
65886
66016
66065
66368
100243
105365
110039
110179
110732
112168
113490
114524
114628
117768
117861
117902
118042
118122
119275
119314
120093
120301
121382
121718
122172
122380
124046
124434
126296
126554
128978
133366
133367
133768
134932
135484
135990
136648
137131
138205
138743
139665
139804
140073
140541
141913
142953
143356
143357
144009
144520
144559
144640
144998
145046
145049
145308
145552
145701
145977
146017
147305
147579
147988
148950
149070
149177
149318
149337
150306
150937
152149
153130
155394
156383
156614
156861
157057
157153
157679
157955
158354
160225
160329
160684
160893
160991
161844
162127
162129
162160
162385
163036
163113
163610
163765
163983
164296
164363
164471
164708
165052
165123
165746
165993
166593
170384
170527
170750
170841
171049
174049
174729
175007
175263
175319
175900
176928
177108
177267
177287
177376
177983
178371
178507
178539
179077
179437
179534
179577
179621
179657
180272
180405
180652
181269
181931
182701
183581
184442
184500
184700
184725
184899
184996
185018
185370
185532
185549
185618
186310
186773
186960
186989
187406
187551
187740
187812
187961
188255
189491
189517
191255
192255
266315
316056
