1004
1045
1075
1076
1078
1161
1209
1230
1254
1300
1327
1380
1410
1414
1440
1447
1449
1487
1585
1598
1602
1632
1659
1661
1678
1686
1690
1704
1706
1722
1743
1773
1794
1864
1878
1891
1913
1919
1926
1968
1979
1988
2002
2005
2019
2049
2055
2080
2086
2101
2111
2124
2136
2176
2184
2220
2259
2270
2285
2312
2337
2352
2403
2435
2436
2444
2448
2497
2504
2536
2547
2558
2574
2577
2593
2596
2615
2628
2663
2710
2751
2771
2787
2807
2817
2818
2820
2884
2960
2968
2986
2991
3007
3026
3028
3062
3105
3107
3121
3138
3144
3153
3158
3170
3221
3226
3231
3238
3243
3246
3278
3336
3342
3358
3362
3382
3413
3424
3439
3504
3505
3532
3562
3570
3580
3619
3643
3650
3662
3708
3734
3735
3813
3835
3851
3863
3897
3905
3937
3946
3964
3969
3980
4001
4016
4029
4036
4058
4060
4066
4093
4108
4115
4145
4193
4194
4199
4213
4321
4367
4383
4390
4418
4423
4430
4462
4494
4497
4498
4503
4510
4517
4598
4601
4605
4608
4611
4640
4674
4685
4699
4723
4737
4809
4818
4839
4881
4885
4926
4941
4973
4988
4990
5018
5046
5047
5071
5073
5087
5109
5116
5125
5149
5179
5234
5252
5256
5338
5342
5439
5492
5496
5518
5523
5526
5530
5539
5543
5560
5568
5572
5581
5597
5606
5608
5643
5667
5680
5690
5709
5742
5750
5763
5764
5783
5786
5860
5862
5870
5878
5959
5968
5987
6008
6034
6066
6078
6100
6104
6136
6158
6178
6216
6223
6266
6268
6304
6310
6326
6338
6375
6379
6386
6435
6461
6502
6509
6528
6543
6547
6565
6573
6617
6639
6649
6669
6682
6730
6733
6737
6742
6774
6781
6788
6821
6829
6865
6867
6994
7017
7022
7063
7065
7085
7116
7146
7154
7163
7171
7228
7241
7257
7275
7291
7343
7366
7368
7401
7420
7435
7437
7486
7526
7549
7585
7620
7636
7637
7647
7648
7733
7750
7762
7799
7849
7866
7875
7881
7882
7906
7921
7922
7923
7938
7951
7970
7974
7977
7982
7985
7991
7993
8001
8007
8030
8068
8079
8092
8099
8113
8123
8151
8210
8213
8214
8215
8219
8245
8247
8253
8264
8272
8290
8348
8358
8386
8402
8431
8440
8455
8457
8463
8479
8512
8530
8539
8542
8543
8549
8551
8582
8599
8605
8606
8692
8699
8762
8807
8810
8818
8823
8850
8858
8867
8898
8901
8902
9016
9023
9063
9155
9203
9216
9225
9248
9273
9299
9317
9355
9465
9466
9551
9555
9599
9611
9664
9667
9771
9777
9778
9783
9815
9831
9846
9849
9850
9882
9890
9899
9904
9919
9969
10000
10008
10016
10035
10056
10086
10096
10115
10121
10124
10195
10221
10247
10353
10405
10407
10411
10441
10453
10499
10519
10530
10549
10565
10567
10581
10609
10614
10618
10735
10789
10793
10795
10801
10839
10840
10860
10867
10877
10894
10903
10916
10920
10983
10991
10999
11012
11017
11032
11060
11094
11124
11191
11220
11228
11234
11259
11264
11300
11301
11304
11313
11376
11399
11456
11465
11499
11506
11511
11537
11550
11554
11566
11580
11584
11600
11636
11649
11672
11687
11721
11745
11756
11770
11796
11811
11842
11854
11856
11861
11925
11944
12123
12124
12138
12140
12141
12142
12151
12181
12252
12262
12266
12379
12389
12392
12395
12428
12433
12441
12445
12459
12471
12482
12485
12540
12544
12545
12589
12603
12615
12625
12635
12689
12726
12756
12785
12825
12840
12915
12945
13041
13071
13092
13125
13184
13200
13341
13342
13354
13381
13421
13480
13498
13561
13562
13570
13580
13602
13619
13623
13700
13714
13721
13824
13861
13888
13963
13988
14027
14084
14172
14219
14225
14253
14275
14282
14309
14311
14359
14370
14418
14477
14489
14535
14561
14563
14590
14603
14624
14790
14793
14822
14824
14828
14891
14898
14934
14954
14960
15060
15111
15142
15208
15247
15267
15343
15414
15417
15459
15520
15855
16101
16188
16269
16384
16401
16453
16477
16478
16486
16549
16597
16653
16705
16710
16721
16777
16781
16790
16821
16832
16889
16890
16981
17035
17095
17115
17120
17132
17145
17150
17184
17195
17199
17240
17245
17248
17252
17277
17451
17626
17874
17928
17934
18004
18043
18049
18071
18086
18145
18204
18241
18320
18383
18441
18465
18494
18498
18564
18578
18629
18683
18699
18732
18745
18899
18938
19000
19094
19154
19274
19318
19355
19398
19402
19507
19516
19517
19518
19570
19574
19582
19649
19730
19784
19849
19858
19998
20011
20019
20020
20115
20116
20185
20228
20232
20235
20430
20502
20548
20653
20659
20686
20748
20779
20823
20904
20935
21004
21019
21124
21237
21238
21352
21429
21431
21440
21503
21515
21542
21630
21633
21777
21808
21815
21825
21841
21898
22039
22047
22082
22086
22207
22260
22447
22459
22583
22632
22653
22672
22674
22741
22815
22983
23027
23077
23083
23084
23086
23119
23147
23195
23208
23224
23225
23238
23245
23249
23252
23291
23464
23500
23546
23555
23556
23587
23714
23753
23809
23812
23843
23978
23990
24021
24076
24135
24157
24171
24197
24216
24225
24232
24287
24291
24293
24316
24344
24350
24352
24379
24405
24430
24440
24463
24468
24616
24617
24678
24708
24720
24725
24731
24750
24755
24782
24783
24800
24825
24844
24856
24905
24925
24975
24978
25030
25110
25119
25124
25166
25173
25180
25234
25274
25279
25283
25313
25318
25331
25338
25340
25376
25424
25434
25536
25572
25633
25665
25737
25747
25749
25870
25880
25895
25937
25964
26013
26016
26069
26146
26147
26156
26270
26410
26590
26788
26847
27119
27333
27373
27394
27576
27638
27652
27653
27665
27760
27780
27786
27794
27803
27810
27823
27828
27871
27907
27914
27925
27928
27938
27960
27965
27981
28012
28022
28034
28070
28118
28139
28176
28180
28191
28192
28194
28195
28209
28216
28295
28320
28322
28323
28338
28340
28347
28349
28380
28397
28408
28590
28629
28670
28704
28733
28742
28762
28769
28787
28790
28806
28866
28930
28940
29004
29011
29015
29028
29052
29082
29099
29101
29108
29127
29131
29133
29155
29156
29191
29206
29241
29282
29382
29389
29392
29517
29609
29621
29649
29705
29733
29736
29751
29755
29804
29830
29868
29870
29875
29901
29910
29930
29984
30004
30032
30059
30067
30098
30137
30145
30222
30259
30260
30293
30298
30384
30397
30443
30463
30477
30490
30536
30576
30612
30637
30651
30662
30671
30822
30847
30861
30870
30923
30932
30990
31109
31251
31368
31453
31460
31477
31494
31521
31564
31587
31607
31673
31774
31843
31846
31887
31994
32106
32154
32372
32574
32809
33133
33243
33326
33684
33718
33766
33767
34048
34055
34337
34410
34953
35497
35978
60900
60902
60914
60923
60979
61129
61153
61155
61163
61181
61188
61302
61321
61325
61356
61388
61399
61406
61408
61409
61420
61483
61487
61494
61519
61562
61567
61574
61581
61587
61591
61732
61739
61759
62266
62374
62378
62516
62689
62745
62823
62897
62921
62965
62979
63080
63138
63172
63338
63388
63417
63422
63447
63454
63527
63643
63645
63650
63739
63781
63863
63876
63892
63927
63986
64028
64030
64061
64088
64166
64175
64223
64275
64302
64306
64334
64356
64389
64536
64568
64630
64766
64768
64794
64821
64853
64891
64901
64925
64929
64979
64997
65006
65009
65011
65021
65084
65106
65108
65228
65275
65290
65343
65406
65417
65421
65430
65552
65607
65609
65615
65671
65710
65718
65772
65831
65886
65896
65944
66016
66032
66065
66235
66285
66368
66379
66393
66446
66586
66588
66686
66731
100243
104432
105365
105670
105936
109183
109826
110039
110179
110566
110732
110760
111103
111534
111721
111864
111873
112111
112168
112968
113490
114524
114628
115876
116504
116772
117036
117260
117768
117861
117902
118042
118122
118267
119275
119314
119316
119414
119574
120048
120093
120301
121077
121142
121257
121382
121440
121718
121815
122172
122380
122394
122902
123998
124046
124434
124775
125014
125240
125595
125794
126136
126296
126423
126554
126721
128978
129441
133288
133366
133367
133766
133768
133869
133885
134932
135484
135788
135990
136265
136648
136725
137131
137351
137602
138205
138483
138743
139025
139665
139804
140073
140541
141178
141359
141384
141459
141496
141913
142260
142337
142460
142814
142953
142956
143356
143357
143912
143974
144009
144396
144437
144520
144559
144640
144998
145041
145046
145049
145308
145552
145701
145977
146017
146616
146648
147204
147305
147579
147708
147849
147988
148349
148390
148391
148469
148470
148950
149070
149177
149318
149337
149618
150139
150278
150279
150306
150477
150481
150937
151630
152149
153130
154039
154758
155394
156153
156155
156383
156614
156617
156633
156861
156953
157057
157153
157679
157855
157955
158053
158354
158563
158587
158742
158743
160211
160225
160329
160376
160479
160668
160684
160706
160776
160785
160888
160893
160913
160991
161844
162127
162129
162160
162254
162335
162385
162400
162404
162449
162560
162887
162988
163036
163113
163610
163668
163765
163884
163891
163924
163946
163983
164296
164363
164416
164471
164572
164633
164708
164755
165051
165052
165123
165264
165746
165914
165993
166213
166435
166593
170384
170396
170527
170617
170750
170841
171002
171007
171049
171141
174022
174049
174077
174236
174310
174389
174390
174729
174744
175007
175263
175269
175307
175319
175404
175900
175955
175966
176022
176362
176567
176591
176701
176840
176928
177108
177111
177267
177287
177376
177780
177881
177943
177983
178073
178157
178310
178371
178507
178539
178704
178797
178803
178806
178823
178834
178865
178976
179077
179132
179288
179413
179437
179534
179577
179583
179621
179657
179690
179819
179843
179974
180083
180272
180405
180423
180466
180646
180652
180711
181104
181269
181931
181989
182701
183029
183283
183324
183377
183581
183606
183636
183640
183736
183780
183822
183830
183902
183903
183974
184256
184263
184323
184392
184442
184500
184551
184576
184604
184688
184700
184725
184899
184996
185018
185195
185370
185375
185396
185453
185532
185549
185618
185824
185836
186159
186310
186773
186960
186989
187164
187406
187450
187551
187696
187697
187698
187740
187775
187812
187833
187961
188255
189491
189517
190963
191255
192255
196159
196268
198058
199356
258869
259518
260774
260893
264385
264395
264416
266315
285085
287462
294524
316056
317264
326688
328795
